collect_time raw_value value tare_value
0	84373	40.695809	-14.445517
91636	84261	40.558462	-14.582864
183276	84250	40.544973	-14.596354
274916	84957	41.411976	-13.729351
366555	85455	42.022680	-13.118647
458198	84691	41.085777	-14.055550
549838	83710	39.882764	-15.258563
641478	83762	39.946532	-15.194795
733118	84006	40.245753	-14.895574
824756	84043	40.291126	-14.850201
916397	83866	40.074069	-15.067258
1008038	84003	40.242074	-14.899253
1099682	88772	46.090360	-9.050967
1191324	157216	130.024120	74.882793
1282962	265315	262.587318	207.445992
1374604	286812	288.949367	233.808040
1466245	283779	285.229960	230.088633
1557885	278517	278.777101	223.635774
1649528	273032	272.050775	216.909448
1741168	267026	264.685540	209.544213
1832810	261223	257.569246	202.427919
1924452	256055	251.231661	196.090334
2016092	250949	244.970107	189.828780
2107732	245187	237.904092	182.762765
2199373	236978	227.837290	172.695963
2291018	230391	219.759566	164.618240
2382656	223172	210.906814	155.765487
2474296	215128	201.042353	145.901026
2565936	207023	191.103087	135.961760
2657578	200110	182.625586	127.484259
2749217	193933	175.050651	119.909324
2840859	188147	167.955204	112.813878
2932499	183040	161.692424	106.551098
3024138	167792	142.993605	87.852279
3115776	133570	101.026725	45.885398
3207416	110912	73.240927	18.099601
3299056	97353	56.613351	1.472024
3390696	91418	49.335184	-5.806143
3482336	90244	47.895492	-7.245834
3573973	89531	47.021131	-8.120195
3665616	89152	46.556359	-8.584968
3757260	89985	47.577877	-7.563449
3848900	90341	48.014445	-7.126882
3940544	89396	46.855579	-8.285748
4032184	88755	46.069512	-9.071814
4123826	89029	46.405522	-8.735804
4215467	89116	46.512211	-8.629115
4307107	88818	46.146770	-8.994556
4398746	88759	46.074418	-9.066909
4490386	89328	46.772190	-8.369137
4582034	89693	47.219794	-7.921533
4673668	89843	47.403741	-7.737586
4765308	89521	47.008868	-8.132459
4856946	89841	47.401288	-7.740038
4948588	89905	47.479772	-7.661554
5040229	89690	47.216115	-7.925212
5131867	89740	47.277431	-7.863896
5223507	89872	47.439304	-7.702023
5315148	89497	46.979437	-8.161890
5406790	89081	46.469291	-8.672036
5498430	89584	47.086126	-8.055201
5590070	90481	48.186129	-6.955198
5681710	89547	47.040752	-8.100574
5773351	88909	46.258365	-8.882962
5864996	89196	46.610316	-8.531010
5956632	89287	46.721911	-8.419416
6048273	89110	46.504854	-8.636473
6139911	89186	46.598053	-8.543273
6231554	89663	47.183005	-7.958322
6323194	90067	47.678435	-7.462892
6414836	89916	47.493262	-7.648065
6506476	89373	46.827374	-8.313953
6598116	89121	46.518343	-8.622984
6689760	89082	46.470517	-8.670810
6781400	88664	45.957918	-9.183409
6873043	88708	46.011876	-9.129451
6964685	89261	46.690027	-8.451300
7056327	89140	46.541643	-8.599684
7147969	88936	46.291475	-8.849852
7239612	89815	47.369404	-7.771923
7331252	90331	48.002182	-7.139145
7422894	89401	46.861711	-8.279616
7514536	88219	45.412209	-9.729118
7606176	88271	45.475977	-9.665350
7697816	88433	45.674640	-9.466687
7789456	88314	45.528709	-9.612618
7881098	88222	45.415888	-9.725439
7972739	88413	45.650113	-9.491213
8064381	88407	45.642756	-9.498571
8156024	88192	45.379098	-9.762228
8247661	87755	44.843200	-10.298127
8339302	87395	44.401727	-10.739600
8430942	87574	44.621237	-10.520090
8522583	87756	44.844426	-10.296901
8614224	87472	44.496153	-10.645174
8705862	87072	44.005628	-11.135699
8797502	87172	44.128259	-11.013068
8889144	87759	44.848105	-10.293222
8980784	88199	45.387683	-9.753644
9072424	88477	45.728598	-9.412729
9164063	87558	44.601616	-10.539711
9255701	87356	44.353901	-10.787426
9347339	87441	44.458137	-10.683189
9438979	87080	44.015438	-11.125888
9530617	86848	43.730934	-11.410393
9622256	86814	43.689239	-11.452088
9713896	87402	44.410311	-10.731016
9805534	87638	44.699721	-10.441606
9897172	87868	44.981773	-10.159554
9988812	87308	44.295038	-10.846289
10080452	87117	44.060812	-11.080515
10172090	87069	44.001949	-11.139378
10263730	86764	43.627924	-11.513403
10355366	86651	43.489350	-11.651977
10447008	87097	44.036286	-11.105041
10538644	87028	43.951670	-11.189657
10630282	86925	43.825360	-11.315967
10721920	86977	43.889128	-11.252199
10813559	87490	44.518227	-10.623100
10905199	87376	44.378427	-10.762900
10996837	86698	43.546987	-11.594340
11088475	86265	43.015993	-12.125333
11180113	86416	43.201167	-11.940160
11271756	86771	43.636508	-11.504819
11363394	86536	43.348324	-11.793003
11455036	86231	42.974299	-12.167028
11546674	86266	43.017220	-12.124107
11638315	87071	44.004402	-11.136925
11729954	87255	44.230043	-10.911284
11821594	86825	43.702729	-11.438598
11913232	86804	43.676976	-11.464351
12004872	87542	44.581995	-10.559332
12096512	87942	45.072520	-10.068807
12188152	87929	45.056578	-10.084749
12279788	88164	45.344762	-9.796565
12371430	88860	46.198275	-8.943051
12463070	89411	46.873974	-8.267353
12554711	89407	46.869069	-8.272258
12646349	88649	45.939523	-9.201803
12737994	88490	45.744540	-9.396787
12829633	88548	45.815666	-9.325661
12921271	88258	45.460035	-9.681292
13012909	88265	45.468619	-9.672708
13104549	88721	46.027818	-9.113509
13196189	89050	46.431275	-8.710052
13287827	89081	46.469291	-8.672036
13379466	89660	47.179326	-7.962001
13471106	90487	48.193486	-6.947840
13562742	91107	48.953800	-6.187526
13654378	91664	49.636857	-5.504470
13746022	92565	50.741765	-4.399562
13837662	92941	51.202858	-3.938468
13929302	92912	51.167295	-3.974031
14020938	97970	57.369986	2.228659
14112578	174583	151.321496	96.180169
14204218	156959	129.708958	74.567631
14295858	80074	35.423890	-19.717436
14387498	76998	31.651752	-23.489575
14479138	76643	31.216411	-23.924916
14570780	77062	31.730236	-23.411091
14662420	77211	31.912956	-23.228370
14754060	76907	31.540157	-23.601169
14845700	77225	31.930125	-23.211202
